0.0   0.000184239414083
0.04   0.0374367380501
0.06   0.148008229755
0.08   0.124669657546
0.1   0.0819675821569
0.12   0.059488004
0.14   0.0444947071156
0.16   0.034955133852
0.18   0.0287283155838
0.2   0.0244303832713
0.22   0.0216549438662
0.24   0.0191999981043
0.26   0.0173925561353
0.28   0.0158949444349
0.3   0.0143256511619
0.32   0.0133298104704
0.34   0.0124382338845
0.36   0.0117622944264
0.38   0.0107788943384
0.4   0.0101236892195
0.42   0.00957689507417
0.44   0.0090401718936
0.46   0.00865925246191
0.48   0.00826411519762
0.5   0.00785298287166
0.52   0.00781803069986
0.54   0.00724280088933
0.56   0.00699161918009
0.58   0.00676413385852
0.6   0.00641757418895
0.62   0.00605205740924
0.64   0.00565869737403
0.66   0.00535242156348
0.68   0.00512138178376
0.7   0.00493951200844
0.72   0.00477067524634
0.74   0.00454318992477
0.76   0.0044495891935
0.78   0.00433821617148
0.8   0.00414864507017
0.82   0.00395551951072
0.84   0.00390575709662
0.86   0.00380623226844
0.88   0.0037949764843
0.9   0.00365812984554
0.92   0.00357933935656
0.94   0.00346500428608
0.96   0.00325884571341
0.98   0.00320138197333
1.0   0.00315754365615
1.02   0.00309593304823
1.04   0.00296797255484
1.06   0.00290695435661
1.08   0.00287318700419
1.1   0.00298633725528
1.12   0.00293005833458
1.14   0.00290339989846
1.16   0.00276596085001
1.18   0.00265814228614
1.2   0.00252899697338
1.22   0.00249108275312
1.24   0.00237141599542
1.26   0.00225411887648
1.28   0.00217651320689
1.3   0.00208350488531
1.32   0.00204618307474
1.34   0.00212141910557
1.36   0.0020977227179
1.38   0.00237141599542
1.4   0.00237911732141
1.42   0.00256928083241
1.44   0.00268717036103
1.46   0.00263681553725
1.48   0.00253906793814
1.5   0.00220317164301
1.52   0.00189037932585
1.54   0.0015349335109
1.56   0.00134121554175
1.58   0.0011759332378
1.6   0.00109181106159
1.62   0.000995840691555
1.64   0.00104678792503
1.66   0.0010633753964
1.68   0.00110662130388
1.7   0.00116467745366
1.72   0.00123695143603
1.74   0.00134595481928
1.76   0.00130744818933
1.78   0.0012393210748
1.8   0.00110958335234
1.82   0.00100354201755
1.84   0.000886244898612
1.86   0.000808046819323
1.88   0.000686602832548
1.9   0.000568713303922
1.92   0.000554495471324
1.94   0.000487553176175
1.96   0.000456747872212
1.98   0.000494662092474
2.0   0.000430681845783
2.02   0.000462079559437
2.04   0.000447861726839
2.06   0.000498808960315
2.08   0.000502363418465
2.1   0.000502363418465
2.12   0.000539092819343
2.14   0.000584708365595
2.16   0.000611366801716
2.18   0.000614328850174
2.2   0.000610181982333
2.22   0.000584708365595
2.24   0.000520135709212
2.26   0.000510064744455
2.28   0.000410539916269
2.3   0.00036255473125
2.32   0.00037736497354
2.34   0.000335303885437
2.36   0.00029502002641
2.38   0.000274878096896
2.4   0.000300351713634
2.42   0.000282579422886
2.44   0.000287318700419
2.46   0.000289095929494
2.48   0.000315161955924
2.5   0.000319308823765
2.52   0.000373810515391
2.54   0.000438383171773
2.56   0.000535538361193
2.58   0.000555680290707
2.6   0.000613736440483
2.62   0.000591224872202
2.64   0.000550348603483
2.66   0.000476297392035
2.68   0.000391582806138
2.7   0.000284356651961
2.72   0.00023163218941
2.74   0.000153434110121
2.76   9.59703700369e-05
2.78   6.45726563828e-05
2.8   4.02838590278e-05
2.82   2.66584361214e-05
2.84   1.7179881056e-05
2.86   0.0
2.88   0.0
2.9   0.0
2.92   0.0
2.94   0.0
2.96   0.0
3.0   0.0
